0.1760475039
0.3284781873
0.3640311658
0.1326192915
0.35180673
0.1747792661
0.255551964
0.2771346569
0.1415015012
0.3447512686
0.1623026282
0.4612471461
0.2174507678
0.2677529156
0.2436359525
0.1857421994
0.3472111821
0.1977572143
0.2959148586
0.900013268
0.2118928581
0.4375289381
0.1578372866
0.2333442271
0.2419879138
0.3857828379
0.2542377114
0.2021069378
0.1582879424
0.1780397594
0.1844685972
0.2538335025
0.1713055521
0.0980222225
0.1296684891
0.2853822112
0.3496297896
0.3054195344
0.2869768441
0.2606498599
0.3101482391
0.2140239775
0.3634844422
0.17248106
0.2667746544
0.1416417062
0.2445926815
0.2279532701
0.2175668031
0.3229552507
0.236373648
0.2400593609
0.3629304171
0.1737584323
0.1819639504
0.1636398435
0.1534746438
0.2446713299
0.2282277495
0.1916642636
0.1941518188
0.1856081486
0.2924333215
0.2653397024
0.3376930952
0.1306958199
0.2194749713
0.2303378582
0.2759314477
0.3869262636
0.2488538921
0.5107070208
0.2988365591
0.1635889709
0.1956971586
0.2583366632
0.2431271225
0.1583066732
0.2731205523
0.3230030835
0.1726035476
0.3766134679
0.4116447568
0.3200469613
0.1909258068
0.1844711602
0.1080669388
0.2958044708
0.1767114848
0.3854542375
0.237430796
0.218217805
0.2757020295
0.2368976921
0.4466721714
0.8653103709
0.2282089144
0.1938642561
0.3622359335
0.2862906456
0.1599806249
0.1970947385
0.1669097096
0.3558791578
0.2193491906
0.2888966501
0.1154196262
0.1983704567
0.1343392283
0.1678424627
0.1916196793
0.2462313175
0.166696921
0.266025424
0.3567228317
0.2442759275
0.2735209763
0.1918937117
0.312151134
0.1105780154
0.2214093953
0.3297714293
0.8352560401
0.2101218849
0.1895550787
0.1794833988
0.2409366667
0.2130622268
