0.2667816281
0.264131546
0.1271739304
0.1097535789
0.231935814
0.3888741732
0.183197245
0.2773965597
0.2597887218
0.2845231593
0.4511452615
0.3015192747
0.2964521348
0.4412127435
0.1718706638
0.1370087117
0.1047246978
0.094265148
0.1610729247
0.1865032315
0.2498338223
0.1833672971
0.1759519428
0.3767895401
0.2089566737
0.1898138523
0.3581233621
0.3480045497
0.2398249358
0.1615134478
0.3098147213
0.2603018582
0.1592976451
0.2006639242
0.1921209395
0.2214139551
0.190730691
0.4281716347
0.2116777897
0.3375545144
0.1843772829
0.184273541
0.3248654902
0.0968527496
0.2884889245
0.4182960093
0.3432935178
0.2381992936
0.2966425717
0.3915508986
0.1778394729
0.2692570984
0.238290444
0.1797107756
0.2622878253
0.1560149044
0.1307152957
0.0950555503
0.1754005551
0.1935506463
0.1663771868
0.1686912477
0.243094027
0.2371890247
0.1701557189
0.1668682694
0.2786652446
0.1804337054
0.1273442507
0.2926813662
0.1800219268
0.6995103955
0.3383381665
0.3024684787
0.5414980054
0.1703582406
0.1869867146
0.1043955386
0.1954508275
0.2405964434
0.1901064217
0.171382457
0.2501187027
0.2267528623
0.1280551851
0.2196427137
0.1861053705
0.2042203099
0.2519372404
0.1098989099
0.2592916787
0.2032241523
0.6853936911
0.1138925701
0.5188490748
0.2564306259
0.2312596589
0.2344304472
0.346321702
0.1751811355
0.1755379885
0.3434048891
0.2653464675
0.1537697017
0.2473625541
0.2670892775
0.2840729654
0.3824199438
0.1780350804
0.1841662824
0.3229494393
0.1931372732
0.2150915712
0.2402372062
0.1667013913
0.1572941691
0.1935531944
0.1762671322
0.2472451776
0.2179252803
0.1479206681
0.3991045058
0.2234691083
0.31548509
0.2162990272
0.5598133206
0.1061246395
0.1708984077
