1.3774585724
1.0368577242
4.646463871
2.7214941979
0.9658851624
0.6070762873
2.0234491825
1.1201298237
0.5331902504
0.9476742744
1.7174077034
1.2223105431
1.5958951712
1.1959073544
1.3660107851
1.139410615
0.8530315757
1.1361204386
0.9773449302
2.9665265083
0.8781013489
1.4151057005
1.3020386696
1.4195160866
1.0455662012
2.3217513561
7.5865106583
1.0675483942
0.8654031754
1.6767311096
1.6466661692
1.192465663
3.9439618588
1.3261691332
0.6532415748
0.8873535395
1.31133461
1.1000291109
1.6114484072
1.4792830944
1.511803627
1.1973193884
0.6905639172
2.1763277054
1.1809689999
2.4599251747
1.3165638447
3.2514052391
1.3995472193
1.9826511145
1.7960685492
3.5425143242
1.764370203
1.5039037466
2.4545211792
1.1217870712
1.4463021755
1.8814601898
0.9608274102
1.3866117001
0.6703349948
1.0447237492
1.0318100452
2.5215849876
0.9430344105
0.8332574368
0.991994381
1.0744564533
1.0591642857
2.0142347813
0.4813865721
0.7421818376
0.7571104169
1.3680878878
1.3526536226
1.0396963358
1.4766016007
1.4453581572
2.6706185341
0.6538853645
1.0988268852
0.779553473
0.7504743934
1.0257140398
1.3043882847
0.6865186691
0.6887256503
1.0926975012
1.8112200499
0.9186233282
0.6100974679
2.6387188435
1.1872971058
1.0690076351
1.0886133909
0.5986503363
0.7474133968
0.9016328454
1.2946331501
1.0126982927
1.7201343775
1.0192152262
1.0881894827
1.3523879051
2.4147655964
0.6522744894
3.5730307102
0.8411210775
1.6413731575
2.5414552689
2.1987857819
0.840297401
2.0204713345
0.8072934747
1.3107824326
1.1396666765
1.2284573317
1.022429347
1.1010164022
3.6202726364
1.6740193367
1.1942071915
0.9291288853
0.9486211538
1.0520327091
1.3001818657
0.9149675965
1.356180191
1.4503455162
1.9247112274
1.0606633425
1.5260949135
3.0047895908
2.8125059605
1.8027211428
1.6525353193
1.5248613358
1.1195992231
0.61955899
1.520310998
1.4700591564
0.8208633661
1.320348978
0.9000946283
1.9884439707
1.3297362328
1.4564726353
0.9570028782
1.468800664
1.2267403603
1.0628497601
0.9417273402
0.7331278324
0.820248127
1.0206131935
0.7639574409
0.8795214295
1.8027876616
1.481978178
0.9664654732
1.0205719471
1.3198617697
1.0184013844
1.4906829596
1.4535168409
1.5229301453
0.6584779024
1.2045770884
0.9042172432
0.6872963309
1.3260006905
0.4573931694
1.068849206
1.3397603035
1.4262695313
1.4722979069
0.6054064035
0.9716878533
4.0970697403
0.8326742053
1.1379352808
1.0857012272
1.5663043261
1.3751767874
1.6395286322
3.0057859421
1.2971340418
1.1277234554
1.2034932375
0.666700244
1.1508555412
1.0459963083
1.1010415554
1.5802916288
1.2506253719
1.601513505
1.0848493576
1.1633888483
1.1517072916
0.8204078078
0.9327535033
1.0498795509
1.2135967016
1.0618401766
1.4420006275
1.1894696951
2.1129412651
0.9721721411
1.2013761997
1.0955832005
1.4724234343
1.4795851708
0.5601722002
1.0020384789
2.5232150555
1.1582936049
1.0385839939
0.9663866758
1.8630262613
0.7602478862
1.4260611534
1.7222476006
1.029373169
1.1978613138
1.8833708763
1.3459527493
1.3464375734
1.6527241468
1.001439929
1.8742637634
1.2907328606
0.8155097365
1.1040149927
0.8555467129
1.4497097731
2.3229849339
1.1920911074
0.7411254644
0.8742759824
1.1467506886
1.1658831835
1.9065659046
0.9929190874
0.9855541587
1.2908383608
0.948284328
1.1827709675
1.332611084
1.0612376928
0.8883495927
0.6429068446
0.7657855153
0.7936823964
1.2358031273
1.0654662848
2.3561778068
