0.15577693
0.0077586914
0.43824324
0.27930945
-0.06450736
0.045225725
0.04192555
0.25891128
0.17450176
0.15067138
-0.21260948
0.14020304
-0.13615973
0.064094834
-0.10689485
-0.031677116
-0.1700628
0.09389835
-0.2956103
0.44331378
-0.34620267
0.2622678
0.24560611
0.14952853
0.005691781
-0.7075984
0.28315234
0.13355486
0.10520956
0.06158591
0.24465014
0.12015097
-0.070645116
-0.05343098
0.20182054
0.14547777
0.3974517
0.11939411
0.44317728
0.6261047
-0.05545196
0.03665297
0.15435281
0.5019018
0.1265841
0.121502794
0.11047219
0.041515116
-0.16049491
0.08442144
0.1379871
1.8075528
0.06385149
0.5370144
0.063566394
-0.26354113
0.26916143
0.2909872
0.23608837
0.18613887
0.080347
-0.33289117
-0.015500981
0.016272394
0.040207766
0.22790556
-0.14194946
0.25317797
0.023286046
0.019470671
0.72048104
0.60920656
0.23022345
0.20238212
0.14485148
0.22092502
0.26435468
0.42250282
0.052264117
0.57230866
0.08170853
0.23929855
0.038554214
0.51752985
0.1950396
0.27912992
0.07543714
0.59113896
0.27310935
0.6435387
0.22833623
0.1677872
0.016200667
-0.051559333
0.18192494
-0.39684367
0.5182558
-0.19172013
0.12520465
0.068431534
0.34391448
0.1849158
0.0019470375
0.18398768
0.2882621
0.28976938
0.1215546
0.068234935
0.13047668
-0.09616977
0.7320531
0.11477989
0.04351519
0.053388674
0.08616662
0.6528213
0.037844606
1.1836032
0.299711
0.39842802
0.2360656
0.19364117
0.22043857
0.33784968
-0.0028125811
0.023916408
0.45175692
0.20280199
