0.2646485567
0.2777516544
0.3076498806
0.2300500125
0.3442357779
0.3019209504
0.3787483275
0.2160825729
0.2455834001
0.3677200675
0.4273812473
0.3005980849
0.8569860458
0.2963900566
0.7235780358
0.2891842723
0.2255632281
0.3005355895
0.4766340256
0.4755961001
0.4153968692
0.4534831643
0.3720437288
0.2564797103
0.776419878
0.1864613295
0.2339534014
0.3265962899
0.1427436918
0.3659028113
0.4519895315
0.8440985084
0.4133249223
0.3243865371
0.3897081316
0.2410291135
0.2269357592
0.2024609745
0.3886955678
0.3726669848
0.2452509254
0.5095877647
0.5420876145
0.2393421382
0.6058335304
0.4134832323
0.289917469
0.2496942729
0.4116979837
0.5125871897
0.753675282
0.1035121679
0.2955372036
0.5504750013
0.439586997
0.6104761958
0.592654109
0.2444028705
0.2891399562
0.2592963278
0.3907697797
0.347975105
1.0448122025
0.5487705469
