0.34621894
-0.15771213
-0.16239712
-0.050470915
-4.4322023e-06
0.5523503
0.21810862
0.26519516
-1.2669606
0.2695363
0.27878976
0.16587938
1.0826377
0.35208085
0.4717848
0.2309356
0.17553838
0.036259264
1.2873006
0.8229758
-0.29489484
0.5028716
0.16030727
0.34183756
1.1326528
1.3306547
0.6290599
0.15896484
0.14312607
0.13515265
0.12599345
-0.011232098
0.1329263
0.03662296
0.35472122
0.8426151
0.5132177
0.10500867
-0.10925193
0.24068254
0.2898754
0.039004155
0.010926751
-0.011604672
0.16506194
0.59775317
0.3603927
1.3584367
0.3264928
0.16041356
0.3464577
0.56099105
0.22033969
0.3645232
0.649621
0.8975992
-0.081063025
-0.121227294
0.64171255
-0.02829557
0.3736037
0.53797245
0.62159103
0.6560247
