0.11001867
0.36532295
0.17143784
-0.05888451
0.15525453
1.3300816
0.7914238
0.36849222
0.22489078
-0.03334353
0.050479975
0.36416677
-0.017801972
0.22641191
0.043272443
-0.19620574
0.3417976
-0.87128854
0.24434525
0.31654218
0.90602916
0.59269917
0.44679406
0.2131886
0.34290662
0.24732734
1.1055474
0.3621482
0.5812259
0.58283234
0.04879137
0.2935431
0.119558714
-0.10515681
-0.31347138
0.1987845
0.6059456
0.74695325
0.54500085
0.17437631
0.15382566
0.43527725
0.9096074
0.12359149
-0.13098603
1.399753
0.24089244
0.13233222
0.27933732
0.01917646
0.3072459
-0.030037792
0.2013751
0.26757467
0.2048573
1.0963613
0.25544035
0.11895237
-0.07770404
0.091779016
0.08388356
0.18017514
0.14374691
-0.30787963
