0.43059987
0.22434509
-0.051929574
0.16525193
0.2908165
0.2271469
0.54638296
0.33447066
0.28022352
0.5391612
0.6038631
0.57361066
0.33407617
0.37855035
0.3916125
0.22372635
0.531332
0.34522653
0.37742984
0.3774277
-0.012279264
0.08588113
0.38392112
-0.09158063
0.25412315
0.27469203
0.58857775
-0.44039065
0.38007727
0.16164695
0.43849045
0.4189364
0.311251
0.44020298
0.48411247
0.331461
0.57610756
0.38116613
0.26823017
0.27867422
0.08473814
0.6264642
0.44013673
0.3903987
0.43365335
0.4912361
0.46278372
0.37398565
0.11912742
0.28652316
0.61227524
0.5005776
-0.024249
-0.048362356
0.61991715
0.3456737
0.011246728
0.076828234
0.389655
0.39002192
0.26315516
0.63449275
0.25218773
0.49140683
0.11129802
0.3534874
0.35002217
0.34278828
0.3809779
0.5642381
0.5644333
0.43807048
0.25011292
0.49468002
0.5283927
0.5621791
0.4377801
0.52525795
0.32651484
0.37813455
0.25997028
0.19720203
0.47944307
0.47096166
0.5063175
0.3689953
0.18519345
0.21687467
0.45281348
0.50476456
0.4084957
0.44041267
0.48729867
0.38614535
0.33908296
0.3562861
0.42635494
0.5624956
0.2342397
0.24871768
0.49494398
0.45270786
0.26669544
0.6825856
0.31409585
0.35283652
0.6216889
0.39183724
0.45744145
0.6616711
0.33012837
0.34962714
0.40211183
0.14426705
0.30350143
0.37214765
0.37626183
0.21232931
0.14032355
0.53701925
0.13743754
0.5274795
0.43141842
0.11075331
0.48198503
0.48057127
0.31273755
0.42282158
