0.3273427
0.28450322
0.26702765
-0.34517333
0.058828942
-0.48402312
0.13284509
-0.0052162446
0.5034935
0.09034707
-0.2300014
0.08905256
0.10042474
-0.052698918
0.10456171
0.10293586
0.15926684
0.49022698
0.023792526
0.028233957
0.3161793
0.22596873
0.45760334
0.27441466
0.12985188
0.21065333
0.08478723
-0.017815996
0.22734992
0.048788954
0.10294988
0.42694557
0.14621887
-0.06811084
0.34689727
-0.49029732
0.38726243
0.07911363
-0.053925063
0.13913877
0.20435861
-0.17572212
0.110320725
0.16554785
-0.11411407
0.21114664
0.44725806
-0.1905656
0.3560389
0.18244763
0.13732696
0.25196907
-0.027817093
0.19158898
0.23055376
-0.0390989
0.02343038
0.021775113
-0.012018323
-0.3424583
0.18400063
0.6221832
0.20905152
-0.09331806
