0.12065165413922671
0.12662527603071122
0.14025569401537413
0.10487839000134168
0.15693498024483452
0.13764390986775946
0.1726690399719099
0.09851071993790715
0.11195996615537385
0.1676413238646735
0.194840489885169
0.13704082359829742
0.39069468312730504
0.13512240930051908
0.32987478944404386
0.131837336424981
0.102832892506943
0.13701233232866752
0.21729452948752295
0.21682134561677074
0.18937688539918646
0.2067401937850271
0.1696124545380748
0.1169275271579241
0.35396506126978855
0.0850065767132687
0.1066579210647495
0.14889324583333133
0.06507597376823318
0.16681284790675127
0.20605925575066292
0.3848193338547459
0.18843229751293164
0.14788583308231068
0.1776655474541171
0.10988369482192767
0.10345862101888893
0.09230071675680822
0.17720392582687358
0.16989659312658575
0.11180839297842314
0.2323179370664826
0.247134419296882
0.10911461312741558
0.2761957914572202
0.18850447007115356
0.13217159630445088
0.11383408785647268
0.18769058618179646
0.23368535653110778
0.3435959394262896
0.04719056259516856
0.13473359884762762
0.2509581775064258
0.2004050163261113
0.2783123541436357
0.2701873740589328
0.11142176994989907
0.13181713298674327
0.11821160580429932
0.17814954631273913
0.1586397165396712
0.47632347619175097
0.25018112719740787
