0.08025897748119845
0.14975119131794506
0.1659595762004815
0.06046032175563832
0.16038653088113486
0.07968079564518203
0.11650457330881836
0.1263439906539723
0.06450966669097188
0.15716998929390666
0.07399277293498235
0.2102797454778735
0.09913447160286326
0.12206691232539324
0.11107213673654268
0.08467872971048054
0.15829144877403847
0.09015630132571413
0.1349057694462967
0.4103105298796106
0.096600654652478
0.1994667598938934
0.07195705108161356
0.10638020223691767
0.11032080599920616
0.17587603012671246
0.11590541360765086
0.09213931359627855
0.072162502297352
0.08116723454687157
0.08409810227739938
0.11572113724880381
0.07809715073386034
0.04468773015238714
0.059115069036192826
0.1301040000842376
0.1593940771020642
0.139238892859575
0.13083098344484562
0.11882867278864967
0.14139468033525607
0.09757221891862916
0.16571032826382365
0.07863305757709885
0.1216209290431416
0.0645735852907161
0.11150830362085265
0.10392249799868616
0.0991873713845893
0.14723331838939008
0.10776129664841402
0.10944159055824015
0.16545775161808957
0.07921540377565127
0.08295624916010813
0.07460240119026951
0.06996814898140201
0.11154415894413015
0.10404763147400181
0.08737856246437176
0.08851262362603096
0.08461761677277795
0.13331855803165726
0.12096674322565894
0.15395221132250883
0.05958342284818312
0.10005729356582699
0.10500961709086339
0.12579545495793187
0.1763973108917033
0.11345096340308
0.23282819905904464
0.13623775478798894
0.07457920868388708
0.08921713456462088
0.11777410059795083
0.11084016425975622
0.07217104155421222
0.12451398498185795
0.14725512506959298
0.07868889892282853
0.1716957705715142
0.18766632036448094
0.1459074470859492
0.0870419045375675
0.08409927073338272
0.049267054718014944
0.13485544432518945
0.08056168230188887
0.175726223219374
0.10824324393904126
0.09948415915876868
0.1256908646073749
0.1080002051400956
0.2036351038878354
0.39448969189452143
0.10403904466741117
0.08838152555447384
0.16514114080351577
0.13051814975655648
0.07293418586934679
0.08985428267088423
0.07609311309400378
0.16224312574248356
0.09999995091600104
0.13170621122773876
0.052619099816013586
0.09043587477538981
0.0612444303958761
0.07651834951252716
0.08735823675539865
0.1122553477249178
0.0759961040761119
0.12127935949816251
0.16262775149997252
0.11136389741463049
0.1246965358280045
0.08748316644615536
0.142307787838147
0.05041183914169778
0.10093918560528062
0.15034077241541235
0.3807881067799728
0.09579327883044225
0.08641699800226532
0.08182538089674192
0.1098415488927038
0.09713376267208293
