0.19573261952290882
0.15172094975080413
0.3164233897663029
0.37330357638492434
0.19593758840293504
0.20073619203797569
0.1888221134397487
0.2483068696399364
0.1821309916918955
0.2923695574462381
0.21499863597893895
0.3120888261387067
0.16680994035243019
0.14992254673278904
0.07831957852545039
0.15358244939191965
0.14929304793296644
0.09597748726110296
0.36897757234705475
0.12257697048780698
0.24620283391404324
0.05798795747506598
0.2068797971037619
0.055686520661763834
0.14876402276207398
0.06699809047129124
0.19813386422332582
0.1741596907402765
0.44280675465155067
0.12647685494955233
0.28835509636993895
0.14027373715492963
