-3
0
-9
12
-3
6
0
-5
-7
9
3
-3
0
-2
0
-6
1
-1
4
-7
-3
4
6
-3
-2
-12
1
1
-1
1
0
2
-2
-1
5
-4
5
4
-2
5
0
0
5
1
-13
0
3
2
-4
5
-5
7
-6
0
-2
0
3
2
3
-2
-6
3
1
-2
3
6
-1
-6
3
-18
-2
10
0
2
-5
-2
-8
6
9
4
-5
-4
-8
-1
-5
10
2
-1
0
-3
-3
-3
-5
1
1
7
3
5
-3
-2
7
-3
-2
-6
-4
1
-1
-6
-9
4
0
11
2
-7
-8
0
0
5
10
-6
6
-2
3
-8
-2
-5
-11
0
-7
7
-5
5
1
-7
4
6
8
2
-6
2
4
-6
7
-1
-2
-11
-9
-7
-6
1
4
3
8
-3
6
3
2
-7
-6
-1
5
2
3
-3
-5
0
-3
5
-6
-7
2
9
-7
4
-8
-1
2
0
-2
-6
5
1
-14
-4
5
-4
0
-11
6
-1
1
1
1
7
-9
7
-6
4
-5
1
8
1
1
7
-2
-2
4
-4
1
-1
7
2
3
9
2
11
-1
0
-7
-3
8
1
-2
8
-6
0
4
0
-6
-3
-1
-3
-4
5
4
2
-11
-1
9
5
3
-1
-9
3
6
1
-10
2
-2
-6
1
4
7
0
0
2
