0.12162410831020795
0.12041595213147539
0.05797781502183001
0.050035983596902533
0.10573811534120495
0.17728535093350142
0.0835185006055209
0.12646339053446937
0.11843608520947355
0.1297123635908486
0.20567435823483934
0.1374607883792585
0.13515071037122728
0.2011461841861666
0.0783547816925499
0.062461431508307276
0.047743347541183236
0.04297490292671988
0.07343215865003849
0.08502567957812004
0.11389770757219712
0.0835960263151287
0.08021541176170187
0.17177604080779593
0.09526206618959299
0.08653497129967104
0.163266244721093
0.15865314019784235
0.10933471759267618
0.07363299042998199
0.14124263161541178
0.1186700209476126
0.07262281956665015
0.09148145254479073
0.08758675820678413
0.10094126439013931
0.08695295244082366
0.19520082265406788
0.09650260628774616
0.15388903318558483
0.08405647264798086
0.08400917735193004
0.1481041848635963
0.04415457462864118
0.1315203316269266
0.19069858559286207
0.1565054096433093
0.10859359728235132
0.13523752938615277
0.17850565362932366
0.08107592515970513
0.12275266004006337
0.10863515219076489
0.081929040585557
0.11957541117028703
0.07112623821172466
0.059592301745974914
0.04333524248843738
0.0799640374904549
0.08823855276975104
0.07585033921498473
0.07690530538916415
0.11082507622425224
0.10813302188594517
0.07757294882891112
0.0760742207609406
0.12704177620063406
0.0822586198482749
0.05805546300217317
0.13343164008934408
0.08207089250961629
0.3189024998172593
0.15424629537251544
0.13789352466221275
0.24686562012375385
0.077665277230051
0.08524609655862708
0.04759328588035142
0.0891048337266661
0.10968644317652852
0.0866683518950564
0.0781322112061792
0.11402758279963243
0.10337523944372715
0.05837957363558846
0.10013376629736818
0.08484429718795686
0.09310278697718853
0.11485664298554633
0.05010223910861343
0.11820948630811821
0.09264864483592
0.3124667808468165
0.051922924304135594
0.23654011154948185
0.1169051498809562
0.10542986037738834
0.10687540331966092
0.15788594025085928
0.0798640054403252
0.08002669253475493
0.15655618313603561
0.12096982739326448
0.07010266406867756
0.11277107155396385
0.12176436378512072
0.12950712295248773
0.17434290732823832
0.08116510141946383
0.0839602788139141
0.14723066900776638
0.0880500985083201
0.09805892833983197
0.10952266913993902
0.07599814205846943
0.07170944714383262
0.08823971443291576
0.08035910467637837
0.11271756032738223
0.09935079894183922
0.06743612551749295
0.18194929683207528
0.10187819613154535
0.14382771793428342
0.09860940012595047
0.2552154600114743
0.048381572377583726
0.07791153609856419
