0.6279749163971835
0.4726970783127046
2.118294386051736
1.2407125162566324
0.4403411226013145
0.2767623567071788
0.9224780742410564
0.5106603178391164
0.2430781655635173
0.43203889043371246
0.7829556406065995
0.557243881227755
0.7275588223076994
0.5452068294073052
0.6227559403664746
0.5194503123603984
0.3888918644580539
0.5179503411154396
0.4455655604685075
1.352421243997132
0.4003210203287357
0.6451380112407549
0.5935914451955826
0.6471486792186681
0.4766672195754602
1.0584722059565188
3.4586436876221542
0.4866887665664162
0.39453200089698187
0.7644114309274865
0.7507050089613573
0.5436377834029567
1.7980280265259398
0.6045923755795963
0.2978088281867188
0.40453903728760693
0.5978294074199944
0.5014965261338524
0.7346494472255786
0.6743960915754122
0.6892220029675019
0.545850567049124
0.3148238552212894
0.9921744553596413
0.5383965251947406
1.1214648025559448
0.6002133834533586
1.4822957104544185
0.63804499506836
0.9038784852190597
0.8188166378480048
1.6150105572317102
0.8043655561939184
0.685620495936264
1.119001154145517
0.5114158468119032
0.6593602928923027
0.8577461631645976
0.43803532438814663
0.6321477711874117
0.30560161354558385
0.4762831508746885
0.4703958724096465
1.149575133150845
0.42992360493396775
0.3798769557912052
0.4522441552558382
0.489838108348965
0.48286650291373956
0.9182772852379155
0.21946118629362293
0.33835614860366603
0.3451619963624935
0.6237028787503333
0.6166664918906294
0.473991183934399
0.6731736150408597
0.6589299207381791
1.217518613106579
0.29810232796314434
0.5009484388094311
0.3553936480146654
0.3421366739418261
0.46761674092930594
0.594662620311519
0.31297965141850115
0.3139858006140776
0.4981540902300325
0.8257241141061086
0.4187947422054154
0.27813969441643577
1.2029757397752032
0.5412814698697598
0.48735402554446605
0.4962921693885725
0.2729210173153359
0.34074118436232614
0.4110488852848056
0.5902153142671674
0.4616829416407158
0.7841987146084597
0.4646539716606591
0.49609891223965413
0.6165453529117946
1.100876827733542
0.29736793988315563
1.6289227904785546
0.38346194136544
0.7482919573847822
1.1586338725482959
1.0024129547200662
0.38308643229998435
0.9211204915984181
0.3680401446842993
0.5975776731293598
0.5195670492280452
0.5600461644575662
0.466119269623961
0.5019466261833203
1.6504600949393324
0.7631751502913302
0.5444317355668213
0.4235841612658258
0.43247056694578145
0.4796152608735799
0.5927449396837422
0.41712811654082055
0.6182742327988008
0.6612036271231274
0.8774640459852973
0.483549913716443
0.695737312846774
1.3698651486745486
1.282204220729686
0.8218495144756524
0.753380718501535
0.6951749323378074
0.5104184202792902
0.28245314432250834
0.6931004612380666
0.6701909548036322
0.3742265749611724
0.6019390025138854
0.41034762154146837
0.9065194128380715
0.6062185944133051
0.6639969431485045
0.4362917437018878
0.6696172158357158
0.5592634077250042
0.4845466880928782
0.4293277195993274
0.33422848315335546
0.3739460912282108
0.46529129638020683
0.3482835126172277
0.4009684263661517
0.8218798399886702
0.6756247636620396
0.44060568273649114
0.46527249239937535
0.6017168872375418
0.46428294617462573
0.679593220214596
0.6626494146068708
0.6942945144311754
0.3001960378296984
0.5491593079739381
0.41222709639395305
0.31333418266439506
0.6045155835855793
0.2085227411334435
0.48728179868928456
0.6107885067764944
0.6502275332443731
0.6712115874282651
0.2760010669227093
0.4429865337997487
1.8678289708238076
0.37961106412680873
0.5187777165455648
0.49496453181551925
0.7140685374816246
0.626934664607894
0.7474510496113878
1.3703193791224593
0.5913554554573954
0.5141222079659823
0.5486651869949467
0.30394455294464134
0.5246679840331622
0.476863302764876
0.5019580933729575
0.7204452630105458
0.5701524380473623
0.7301201862347461
0.4945761696886575
0.5303818418841386
0.5250562918174748
0.3740188887257468
0.4252366023853841
0.4786336492536537
0.5532712943223451
0.48408642516612915
0.6573992435367697
0.542271940009022
0.9632769659209909
0.44320731763805127
0.5477000424438854
0.49946966284540883
0.6712688146001743
0.6745338063537994
0.2553790710204167
0.4568231978966981
1.1503182711106612
0.5280589516627919
0.4734840740832181
0.44056975948502736
0.8493422482007597
0.3465923493769826
0.6501325350375642
0.7851621200611834
0.4692849154933169
0.5460976275158251
0.8586172334233628
0.6136116048438096
0.6138326331779934
0.7534668038008694
0.45655032266767603
0.8544653564982856
0.5884371962012137
0.37178588805570434
0.5033136652045128
0.39003850008437657
0.6609137957422989
1.0590345865110748
0.5434670258017416
0.33787455453960763
0.39857705919904407
0.5227966069043266
0.531518994006222
0.8691917045903207
0.45266572323317505
0.4493080974015717
0.5884852930954524
0.43231701012902224
0.5392180311736745
0.6075292214464135
0.4838117564962202
0.4049931318335557
0.2930972880624849
0.34911692052619125
0.3618349375522797
0.5633950676262062
0.4857395456587293
1.0741670137230541
