0.19352497
-0.07505405
0.14503972
0.039862275
0.1735095
0.15215799
0.08222815
0.10312518
0.2612007
-0.01678907
0.18451697
0.22410308
0.25629944
0.054083534
0.12263071
0.1036261
0.096071176
0.09022057
0.23671003
0.17090602
0.18855287
0.2531743
0.077671476
0.16345873
0.11071026
0.13547435
0.23918709
0.3306211
-0.28423327
-0.03817516
-0.0001235661
0.08659279
0.22631855
0.45432916
0.15120345
0.1240575
0.14828584
-0.043649375
-0.14462079
0.12352091
0.14712869
-0.060901042
0.10020682
0.19230853
0.14863184
0.15902017
0.123850815
0.3644785
0.084200956
0.27426177
0.40534073
0.22476114
0.03952885
0.25584298
0.40782702
0.049028277
0.14318414
0.18500853
0.15456192
0.23799895
0.12623806
0.14000277
0.20364696
-0.13237514
0.30898082
-0.26457244
0.009094519
0.15636615
-0.1788174
-0.008122304
0.089630224
0.20392138
0.120627984
0.050440807
0.17710826
0.03320206
-0.16023934
-0.12841411
0.0772485
0.25606343
0.15206707
0.3706799
0.29073888
-0.010909352
0.05503044
0.23582226
0.21942827
0.14483361
0.1508933
-0.028866543
0.2307496
0.12170858
0.1863149
0.031183714
0.12655509
0.19594392
-0.14326419
0.035390772
0.26181537
0.42299277
0.32765302
0.071827546
0.051080562
-0.020226154
0.19927387
0.11815252
0.10088892
0.11546873
0.42625386
0.08066638
-0.14177765
-0.025458036
0.21429569
0.1717671
0.16523656
0.007415304
0.21946454
0.1226603
0.22374387
0.24226215
0.08365035
0.1347629
0.23475406
0.29723707
0.01899014
0.2051426
0.34726754
0.27136832
-0.12574433
0.18092197
0.23686455
0.20064296
0.115292236
0.24394785
0.17394523
0.29175633
0.103722975
0.11272979
0.011293503
0.09035759
0.10185875
0.2060576
0.33564147
0.2912505
0.14041391
0.13148242
0.22186421
0.18073747
0.20745128
0.12839063
0.26736704
0.21331248
0.26424968
0.3671396
-0.10208694
0.21373275
0.08963371
-9.185593e-08
0.04824156
-0.09777959
0.092274465
0.0014595251
0.23342752
0.29326844
0.101101376
0.35252884
0.2967154
0.19631661
0.1530516
0.20943047
0.23226953
0.16118495
0.25073603
0.1684008
-8.0167865e-08
0.37491608
0.17407368
0.36432657
0.10111163
-0.17657198
0.35931578
0.11053994
0.19198671
-0.15815692
0.18265933
0.23828967
0.053795904
0.41945088
0.013602128
0.16687863
0.18486871
0.26212388
0.18580349
-6.783981e-08
0.0225621
0.41859978
0.13132289
-0.120271824
0.20385389
0.3860844
0.2711517
0.17415647
0.16177644
0.14599484
0.26338258
0.072428495
0.21876806
0.2116225
0.1324023
0.024235278
0.0367463
0.12978475
0.22379464
0.23515765
0.067107715
0.3074621
-0.16606055
0.23256177
0.13185215
0.2905989
-0.09080944
0.05822438
-0.101602644
0.08579211
-0.40838757
0.1536081
0.32989806
0.20408571
-0.025271755
-0.017618941
0.27598768
0.24737059
0.012402347
0.29931164
0.13710086
0.36166024
0.2376281
-7.5039495e-08
0.13425507
0.24490686
0.11825821
-0.027746066
0.2387707
0.041172467
-0.14313927
0.090408854
0.2558532
0.16464321
0.20080058
0.04808959
0.23671444
0.07110601
0.33893627
0.26597682
0.27248564
0.0011072665
